1:   (2, 1, 2e-05, 5)
2:   (2, 1, 2e-05, 10)	done, 0.414
3:   (2, 1, 5e-05, 5)	done, 0.274
4:   (2, 1, 5e-05, 10)
5:   (2, 2, 2e-05, 5)
6:   (2, 2, 2e-05, 10)	done, 0.356
7:   (2, 2, 5e-05, 5)	.
8:   (2, 2, 5e-05, 10)
9:   (4, 1, 2e-05, 5)
10:  (4, 1, 2e-05, 10)	.
11:  (4, 1, 5e-05, 5)	.
12:  (4, 1, 5e-05, 10)
13:  (4, 2, 2e-05, 5)
14:  (4, 2, 2e-05, 10)	.
15:  (4, 2, 5e-05, 5)	.
16:  (4, 2, 5e-05, 10)
17:  (4, 4, 2e-05, 5)
18:  (4, 4, 2e-05, 10)	.
19:  (4, 4, 5e-05, 5)	.
20:  (4, 4, 5e-05, 10)
21:  (8, 1, 2e-05, 5)
22:  (8, 1, 2e-05, 10)	.
23:  (8, 1, 5e-05, 5)	.
24:  (8, 1, 5e-05, 10)
25:  (8, 2, 2e-05, 5)
26:  (8, 2, 2e-05, 10)	.
27:  (8, 2, 5e-05, 5)	.
28:  (8, 2, 5e-05, 10)
29:  (8, 4, 2e-05, 5)
30:  (8, 4, 2e-05, 10)	.
31:  (8, 4, 5e-05, 5)	done, 0.388
32:  (8, 4, 5e-05, 10)


106:   (2, 2, 1e-05, 10)	.
206:   (2, 2, 5e-05, 10)	.
306:   (2, 2, 5e-05, 5)		.
406:   (2, 2, 2e-05, 5)		.
506:   (2, 2, 1e-05, 5)		.

994:   (8, 8, 1e-05, 25)	0.402
995:   (8, 4, 1e-05, 15)	0.405
996:   (4, 1, 1e-04, 15)	0.274
997:   (4, 2, 1e-04, 10)	0.274
998:   (4, 2, 1e-05, 10)	0.396
999:   (4, 2, 1e-05, 15)	.